green wins
64
63
61
60
59
57
56
53
52
49
45
39
38
35
35
34
30
25
21
17
14
14

green wins
38
37
34
32
30
30
27
23
16
14
13
12
12
12
12
11
9
9
1

blue wins
48
45
43
42
38
36
36
34
34
33
32
26
25
23
22
22
20
19
16
12
6
4
2
2
1

green wins
43
41
39
37
34
32
28
27
27
24
24
22
15
13
11
10
8
5
5

blue wins
31
31
31
30
27
24
24
23
20
10
10
5
4
4
4
3
3
2

blue wins
86
81
74
66
62
58
56
54
53
51
51
49
47
46
46
45
40
38
37
34
27
25
13

green wins
42
40
31
31
31
22

blue wins
72
69
65
65
63
62
59
57
52
42
18
18
7
1

blue wins
92
89
86
83
83
80
76
75
74
68
67
66
65
57
49
43
41
37
33
32
19
15
8
4

green wins
89
86
86
72
68
65
64
60
59
59
58
50
19
18
16
10
