0
0
0
1
2 2 
0
1
2 3 
0
3
2 4 
2 2 2 
4 2 
1
3 3 
1
2 5 
0
3
2 6 
2 2 3 
4 3 
0
1
2 7 
1
3 5 
6
2 8 
2 2 4 
4 4 
2 2 2 2 
4 2 2 
8 2 
0
3
2 9 
2 3 3 
6 3 
0
3
2 10 
2 2 5 
4 5 
1
3 7 
1
2 11 
0
6
2 12 
2 2 6 
4 6 
2 2 2 3 
4 2 3 
8 3 
1
5 5 
1
2 13 
3
3 9 
3 3 3 
9 3 
3
2 14 
2 2 7 
4 7 
0
3
2 15 
2 3 5 
6 5 
0
10
2 16 
2 2 8 
4 8 
2 2 2 4 
4 2 4 
8 4 
2 2 2 2 2 
4 2 2 2 
8 2 2 
16 2 
1
3 11 
1
2 17 
1
5 7 
6
2 18 
2 2 9 
4 9 
2 2 3 3 
4 3 3 
12 3 
0
1
2 19 
1
3 13 
6
2 20 
2 2 10 
4 10 
2 2 2 5 
4 2 5 
8 5 
0
3
2 21 
2 3 7 
6 7 
0
3
2 22 
2 2 11 
4 11 
3
3 15 
3 3 5 
9 5 
1
2 23 
0
10
2 24 
2 2 12 
4 12 
2 2 2 6 
4 2 6 
8 6 
2 2 2 2 3 
4 2 2 3 
8 2 3 
16 3 
1
7 7 
3
2 25 
2 5 5 
10 5 
1
3 17 
3
2 26 
2 2 13 
4 13 
0
6
2 27 
2 3 9 
6 9 
2 3 3 3 
6 3 3 
18 3 
1
5 11 
6
2 28 
2 2 14 
4 14 
2 2 2 7 
4 2 7 
8 7 
1
3 19 
1
2 29 
0
6
2 30 
2 2 15 
4 15 
2 2 3 5 
4 3 5 
12 5 
0
1
2 31 
3
3 21 
3 3 7 
9 7 
15
2 32 
2 2 16 
4 16 
2 2 2 8 
4 2 8 
8 8 
2 2 2 2 4 
4 2 2 4 
8 2 4 
16 4 
2 2 2 2 2 2 
4 2 2 2 2 
8 2 2 2 
16 2 2 
32 2 
1
5 13 
3
2 33 
2 3 11 
6 11 
0
3
2 34 
2 2 17 
4 17 
1
3 23 
3
2 35 
2 5 7 
10 7 
0
10
2 36 
2 2 18 
4 18 
2 2 2 9 
4 2 9 
8 9 
2 2 2 3 3 
4 2 3 3 
8 3 3 
24 3 
0
1
2 37 
3
3 25 
3 5 5 
15 5 
3
2 38 
2 2 19 
4 19 
1
7 11 
3
2 39 
2 3 13 
6 13 
0
10
2 40 
2 2 20 
4 20 
2 2 2 10 
4 2 10 
8 10 
2 2 2 2 5 
4 2 2 5 
8 2 5 
16 5 
6
3 27 
3 3 9 
9 9 
3 3 3 3 
9 3 3 
27 3 
1
2 41 
0
6
2 42 
2 2 21 
4 21 
2 2 3 7 
4 3 7 
12 7 
1
5 17 
1
2 43 
1
3 29 
6
2 44 
2 2 22 
4 22 
2 2 2 11 
4 2 11 
8 11 
0
6
2 45 
2 3 15 
6 15 
2 3 3 5 
6 3 5 
18 5 
1
7 13 
3
2 46 
2 2 23 
4 23 
1
3 31 
1
2 47 
1
5 19 
15
2 48 
2 2 24 
4 24 
2 2 2 12 
4 2 12 
8 12 
2 2 2 2 6 
4 2 2 6 
8 2 6 
16 6 
2 2 2 2 2 3 
4 2 2 2 3 
8 2 2 3 
16 2 3 
32 3 
0
3
2 49 
2 7 7 
14 7 
3
3 33 
3 3 11 
9 11 
6
2 50 
2 2 25 
4 25 
2 2 5 5 
4 5 5 
20 5 
0
3
2 51 
2 3 17 
6 17 
0
6
2 52 
2 2 26 
4 26 
2 2 2 13 
4 2 13 
8 13 
3
3 35 
3 5 7 
15 7 
1
2 53 
0
10
2 54 
2 2 27 
4 27 
2 2 3 9 
4 3 9 
12 9 
2 2 3 3 3 
4 3 3 3 
12 3 3 
36 3 
0
3
2 55 
2 5 11 
10 11 
1
3 37 
10
2 56 
2 2 28 
4 28 
2 2 2 14 
4 2 14 
8 14 
2 2 2 2 7 
4 2 2 7 
8 2 7 
16 7 
0
3
2 57 
2 3 19 
6 19 
1
5 23 
3
2 58 
2 2 29 
4 29 
3
3 39 
3 3 13 
9 13 
1
2 59 
1
7 17 
10
2 60 
2 2 30 
4 30 
2 2 2 15 
4 2 15 
8 15 
2 2 2 3 5 
4 2 3 5 
8 3 5 
24 5 
1
11 11 
1
2 61 
1
3 41 
3
2 62 
2 2 31 
4 31 
3
5 25 
5 5 5 
25 5 
6
2 63 
2 3 21 
6 21 
2 3 3 7 
6 3 7 
18 7 
0
21
2 64 
2 2 32 
4 32 
2 2 2 16 
4 2 16 
8 16 
2 2 2 2 8 
4 2 2 8 
8 2 8 
16 8 
2 2 2 2 2 4 
4 2 2 2 4 
8 2 2 4 
16 2 4 
32 4 
2 2 2 2 2 2 2 
4 2 2 2 2 2 
8 2 2 2 2 
16 2 2 2 
32 2 2 
64 2 
1
3 43 
3
2 65 
2 5 13 
10 13 
0
6
2 66 
2 2 33 
4 33 
2 2 3 11 
4 3 11 
12 11 
1
7 19 
1
2 67 
6
3 45 
3 3 15 
9 15 
3 3 3 5 
9 3 5 
27 5 
6
2 68 
2 2 34 
4 34 
2 2 2 17 
4 2 17 
8 17 
0
3
2 69 
2 3 23 
6 23 
0
6
2 70 
2 2 35 
4 35 
2 2 5 7 
4 5 7 
20 7 
1
3 47 
1
2 71 
1
11 13 
15
2 72 
2 2 36 
4 36 
2 2 2 18 
4 2 18 
8 18 
2 2 2 2 9 
4 2 2 9 
8 2 9 
16 9 
2 2 2 2 3 3 
4 2 2 3 3 
8 2 3 3 
16 3 3 
48 3 
1
5 29 
1
2 73 
3
3 49 
3 7 7 
21 7 
3
2 74 
2 2 37 
4 37 
0
6
2 75 
2 3 25 
6 25 
2 3 5 5 
6 5 5 
30 5 
0
6
2 76 
2 2 38 
4 38 
2 2 2 19 
4 2 19 
8 19 
3
3 51 
3 3 17 
9 17 
3
2 77 
2 7 11 
14 11 
1
5 31 
6
2 78 
2 2 39 
4 39 
2 2 3 13 
4 3 13 
12 13 
0
1
2 79 
1
3 53 
15
2 80 
2 2 40 
4 40 
2 2 2 20 
4 2 20 
8 20 
2 2 2 2 10 
4 2 2 10 
8 2 10 
16 10 
2 2 2 2 2 5 
4 2 2 2 5 
8 2 2 5 
16 2 5 
32 5 
1
7 23 
10
2 81 
2 3 27 
6 27 
2 3 3 9 
6 3 9 
18 9 
2 3 3 3 3 
6 3 3 3 
18 3 3 
54 3 
0
3
2 82 
2 2 41 
4 41 
3
3 55 
3 5 11 
15 11 
1
2 83 
0
10
2 84 
2 2 42 
4 42 
2 2 2 21 
4 2 21 
8 21 
2 2 2 3 7 
4 2 3 7 
8 3 7 
24 7 
1
13 13 
3
2 85 
2 5 17 
10 17 
3
3 57 
3 3 19 
9 19 
3
2 86 
2 2 43 
4 43 
0
3
2 87 
2 3 29 
6 29 
3
5 35 
5 5 7 
25 7 
10
2 88 
2 2 44 
4 44 
2 2 2 22 
4 2 22 
8 22 
2 2 2 2 11 
4 2 2 11 
8 2 11 
16 11 
1
3 59 
1
2 89 
0
10
2 90 
2 2 45 
4 45 
2 2 3 15 
4 3 15 
12 15 
2 2 3 3 5 
4 3 3 5 
12 3 5 
36 5 
0
3
2 91 
2 7 13 
14 13 
1
3 61 
6
2 92 
2 2 46 
4 46 
2 2 2 23 
4 2 23 
8 23 
1
5 37 
3
2 93 
2 3 31 
6 31 
1
11 17 
3
2 94 
2 2 47 
4 47 
6
3 63 
3 3 21 
9 21 
3 3 3 7 
9 3 7 
27 7 
3
2 95 
2 5 19 
10 19 
0
21
2 96 
2 2 48 
4 48 
2 2 2 24 
4 2 24 
8 24 
2 2 2 2 12 
4 2 2 12 
8 2 12 
16 12 
2 2 2 2 2 6 
4 2 2 2 6 
8 2 2 6 
16 2 6 
32 6 
2 2 2 2 2 2 3 
4 2 2 2 2 3 
8 2 2 2 3 
16 2 2 3 
32 2 3 
64 3 
0
1
2 97 
3
3 65 
3 5 13 
15 13 
6
2 98 
2 2 49 
4 49 
2 2 7 7 
4 7 7 
28 7 
0
6
2 99 
2 3 33 
6 33 
2 3 3 11 
6 3 11 
18 11 
0
10
2 100 
2 2 50 
4 50 
2 2 2 25 
4 2 25 
8 25 
2 2 2 5 5 
4 2 5 5 
8 5 5 
40 5 
1
3 67 
1
2 101 
1
7 29 
6
2 102 
2 2 51 
4 51 
2 2 3 17 
4 3 17 
12 17 
1
5 41 
1
2 103 
3
3 69 
3 3 23 
9 23 
10
2 104 
2 2 52 
4 52 
2 2 2 26 
4 2 26 
8 26 
2 2 2 2 13 
4 2 2 13 
8 2 13 
16 13 
1
11 19 
6
2 105 
2 3 35 
6 35 
2 3 5 7 
6 5 7 
30 7 
0
3
2 106 
2 2 53 
4 53 
1
3 71 
1
2 107 
1
5 43 
15
2 108 
2 2 54 
4 54 
2 2 2 27 
4 2 27 
8 27 
2 2 2 3 9 
4 2 3 9 
8 3 9 
24 9 
2 2 2 3 3 3 
4 2 3 3 3 
8 3 3 3 
24 3 3 
72 3 
1
7 31 
1
2 109 
1
3 73 
6
2 110 
2 2 55 
4 55 
2 2 5 11 
4 5 11 
20 11 
1
13 17 
3
2 111 
2 3 37 
6 37 
0
15
2 112 
2 2 56 
4 56 
2 2 2 28 
4 2 28 
8 28 
2 2 2 2 14 
4 2 2 14 
8 2 14 
16 14 
2 2 2 2 2 7 
4 2 2 2 7 
8 2 2 7 
16 2 7 
32 7 
6
3 75 
3 3 25 
9 25 
3 3 5 5 
9 5 5 
45 5 
1
2 113 
0
6
2 114 
2 2 57 
4 57 
2 2 3 19 
4 3 19 
12 19 
0
3
2 115 
2 5 23 
10 23 
3
3 77 
3 7 11 
21 11 
6
2 116 
2 2 58 
4 58 
2 2 2 29 
4 2 29 
8 29 
0
6
2 117 
2 3 39 
6 39 
2 3 3 13 
6 3 13 
18 13 
1
5 47 
3
2 118 
2 2 59 
4 59 
1
3 79 
3
2 119 
2 7 17 
14 17 
0
15
2 120 
2 2 60 
4 60 
2 2 2 30 
4 2 30 
8 30 
2 2 2 2 15 
4 2 2 15 
8 2 15 
16 15 
2 2 2 2 3 5 
4 2 2 3 5 
8 2 3 5 
16 3 5 
48 5 
0
3
2 121 
2 11 11 
22 11 
10
3 81 
3 3 27 
9 27 
3 3 3 9 
9 3 9 
27 9 
3 3 3 3 3 
9 3 3 3 
27 3 3 
81 3 
3
2 122 
2 2 61 
4 61 
3
5 49 
5 7 7 
35 7 
3
2 123 
2 3 41 
6 41 
1
13 19 
6
2 124 
2 2 62 
4 62 
2 2 2 31 
4 2 31 
8 31 
1
3 83 
6
2 125 
2 5 25 
10 25 
2 5 5 5 
10 5 5 
50 5 
0
10
2 126 
2 2 63 
4 63 
2 2 3 21 
4 3 21 
12 21 
2 2 3 3 7 
4 3 3 7 
12 3 7 
36 7 
1
11 23 
1
2 127 
3
3 85 
3 5 17 
15 17 
28
2 128 
2 2 64 
4 64 
2 2 2 32 
4 2 32 
8 32 
2 2 2 2 16 
4 2 2 16 
8 2 16 
16 16 
2 2 2 2 2 8 
4 2 2 2 8 
8 2 2 8 
16 2 8 
32 8 
2 2 2 2 2 2 4 
4 2 2 2 2 4 
8 2 2 2 4 
16 2 2 4 
32 2 4 
64 4 
2 2 2 2 2 2 2 2 
4 2 2 2 2 2 2 
8 2 2 2 2 2 
16 2 2 2 2 
32 2 2 2 
64 2 2 
128 2 
0
3
2 129 
2 3 43 
6 43 
1
7 37 
6
2 130 
2 2 65 
4 65 
2 2 5 13 
4 5 13 
20 13 
3
3 87 
3 3 29 
9 29 
1
2 131 
0
10
2 132 
2 2 66 
4 66 
2 2 2 33 
4 2 33 
8 33 
2 2 2 3 11 
4 2 3 11 
8 3 11 
24 11 
1
5 53 
3
2 133 
2 7 19 
14 19 
1
3 89 
3
2 134 
2 2 67 
4 67 
0
10
2 135 
2 3 45 
6 45 
2 3 3 15 
6 3 15 
18 15 
2 3 3 3 5 
6 3 3 5 
18 3 5 
54 5 
0
10
2 136 
2 2 68 
4 68 
2 2 2 34 
4 2 34 
8 34 
2 2 2 2 17 
4 2 2 17 
8 2 17 
16 17 
3
3 91 
3 7 13 
21 13 
1
2 137 
3
5 55 
5 5 11 
25 11 
6
2 138 
2 2 69 
4 69 
2 2 3 23 
4 3 23 
12 23 
0
1
2 139 
3
3 93 
3 3 31 
9 31 
10
2 140 
2 2 70 
4 70 
2 2 2 35 
4 2 35 
8 35 
2 2 2 5 7 
4 2 5 7 
8 5 7 
40 7 
0
3
2 141 
2 3 47 
6 47 
0
3
2 142 
2 2 71 
4 71 
3
3 95 
3 5 19 
15 19 
3
2 143 
2 11 13 
22 13 
1
7 41 
21
2 144 
2 2 72 
4 72 
2 2 2 36 
4 2 36 
8 36 
2 2 2 2 18 
4 2 2 18 
8 2 18 
16 18 
2 2 2 2 2 9 
4 2 2 2 9 
8 2 2 9 
16 2 9 
32 9 
2 2 2 2 2 3 3 
4 2 2 2 3 3 
8 2 2 3 3 
16 2 3 3 
32 3 3 
96 3 
1
17 17 
3
2 145 
2 5 29 
10 29 
1
3 97 
3
2 146 
2 2 73 
4 73 
0
6
2 147 
2 3 49 
6 49 
2 3 7 7 
6 7 7 
42 7 
1
5 59 
6
2 148 
2 2 74 
4 74 
2 2 2 37 
4 2 37 
8 37 
6
3 99 
3 3 33 
9 33 
3 3 3 11 
9 3 11 
27 11 
1
2 149 
1
13 23 
10
2 150 
2 2 75 
4 75 
2 2 3 25 
4 3 25 
12 25 
2 2 3 5 5 
4 3 5 5 
12 5 5 
60 5 
1
7 43 
1
2 151 
1
3 101 
10
2 152 
2 2 76 
4 76 
2 2 2 38 
4 2 38 
8 38 
2 2 2 2 19 
4 2 2 19 
8 2 19 
16 19 
1
5 61 
6
2 153 
2 3 51 
6 51 
2 3 3 17 
6 3 17 
18 17 
0
6
2 154 
2 2 77 
4 77 
2 2 7 11 
4 7 11 
28 11 
1
3 103 
3
2 155 
2 5 31 
10 31 
0
10
2 156 
2 2 78 
4 78 
2 2 2 39 
4 2 39 
8 39 
2 2 2 3 13 
4 2 3 13 
8 3 13 
24 13 
0
1
2 157 
6
3 105 
3 3 35 
9 35 
3 3 5 7 
9 5 7 
45 7 
3
2 158 
2 2 79 
4 79 
0
3
2 159 
2 3 53 
6 53 
1
11 29 
21
2 160 
2 2 80 
4 80 
2 2 2 40 
4 2 40 
8 40 
2 2 2 2 20 
4 2 2 20 
8 2 20 
16 20 
2 2 2 2 2 10 
4 2 2 2 10 
8 2 2 10 
16 2 10 
32 10 
2 2 2 2 2 2 5 
4 2 2 2 2 5 
8 2 2 2 5 
16 2 2 5 
32 2 5 
64 5 
1
3 107 
3
2 161 
2 7 23 
14 23 
1
17 19 
15
2 162 
2 2 81 
4 81 
2 2 3 27 
4 3 27 
12 27 
2 2 3 3 9 
4 3 3 9 
12 3 9 
36 9 
2 2 3 3 3 3 
4 3 3 3 3 
12 3 3 3 
36 3 3 
108 3 
3
5 65 
5 5 13 
25 13 
1
2 163 
1
3 109 
6
2 164 
2 2 82 
4 82 
2 2 2 41 
4 2 41 
8 41 
1
7 47 
6
2 165 
2 3 55 
6 55 
2 3 5 11 
6 5 11 
30 11 
0
3
2 166 
2 2 83 
4 83 
3
3 111 
3 3 37 
9 37 
1
2 167 
1
5 67 
15
2 168 
2 2 84 
4 84 
2 2 2 42 
4 2 42 
8 42 
2 2 2 2 21 
4 2 2 21 
8 2 21 
16 21 
2 2 2 2 3 7 
4 2 2 3 7 
8 2 3 7 
16 3 7 
48 7 
0
3
2 169 
2 13 13 
26 13 
1
3 113 
6
2 170 
2 2 85 
4 85 
2 2 5 17 
4 5 17 
20 17 
1
11 31 
6
2 171 
2 3 57 
6 57 
2 3 3 19 
6 3 19 
18 19 
3
7 49 
7 7 7 
49 7 
6
2 172 
2 2 86 
4 86 
2 2 2 43 
4 2 43 
8 43 
3
3 115 
3 5 23 
15 23 
1
2 173 
0
6
2 174 
2 2 87 
4 87 
2 2 3 29 
4 3 29 
12 29 
0
6
2 175 
2 5 35 
10 35 
2 5 5 7 
10 5 7 
50 7 
6
3 117 
3 3 39 
9 39 
3 3 3 13 
9 3 13 
27 13 
15
2 176 
2 2 88 
4 88 
2 2 2 44 
4 2 44 
8 44 
2 2 2 2 22 
4 2 2 22 
8 2 22 
16 22 
2 2 2 2 2 11 
4 2 2 2 11 
8 2 2 11 
16 2 11 
32 11 
0
3
2 177 
2 3 59 
6 59 
1
5 71 
3
2 178 
2 2 89 
4 89 
3
3 119 
3 7 17 
21 17 
1
2 179 
0
15
2 180 
2 2 90 
4 90 
2 2 2 45 
4 2 45 
8 45 
2 2 2 3 15 
4 2 3 15 
8 3 15 
24 15 
2 2 2 3 3 5 
4 2 3 3 5 
8 3 3 5 
24 3 5 
72 5 
1
19 19 
1
2 181 
3
3 121 
3 11 11 
33 11 
6
2 182 
2 2 91 
4 91 
2 2 7 13 
4 7 13 
28 13 
1
5 73 
3
2 183 
2 3 61 
6 61 
0
10
2 184 
2 2 92 
4 92 
2 2 2 46 
4 2 46 
8 46 
2 2 2 2 23 
4 2 2 23 
8 2 23 
16 23 
3
3 123 
3 3 41 
9 41 
3
2 185 
2 5 37 
10 37 
1
7 53 
6
2 186 
2 2 93 
4 93 
2 2 3 31 
4 3 31 
12 31 
0
3
2 187 
2 11 17 
22 17 
6
3 125 
3 5 25 
15 25 
3 5 5 5 
15 5 5 
75 5 
6
2 188 
2 2 94 
4 94 
2 2 2 47 
4 2 47 
8 47 
1
13 29 
10
2 189 
2 3 63 
6 63 
2 3 3 21 
6 3 21 
18 21 
2 3 3 3 7 
6 3 3 7 
18 3 7 
54 7 
0
6
2 190 
2 2 95 
4 95 
2 2 5 19 
4 5 19 
20 19 
1
3 127 
1
2 191 
0
28
2 192 
2 2 96 
4 96 
2 2 2 48 
4 2 48 
8 48 
2 2 2 2 24 
4 2 2 24 
8 2 24 
16 24 
2 2 2 2 2 12 
4 2 2 2 12 
8 2 2 12 
16 2 12 
32 12 
2 2 2 2 2 2 6 
4 2 2 2 2 6 
8 2 2 2 6 
16 2 2 6 
32 2 6 
64 6 
2 2 2 2 2 2 2 3 
4 2 2 2 2 2 3 
8 2 2 2 2 3 
16 2 2 2 3 
32 2 2 3 
64 2 3 
128 3 
3
5 77 
5 7 11 
35 11 
1
2 193 
3
3 129 
3 3 43 
9 43 
3
2 194 
2 2 97 
4 97 
0
6
2 195 
2 3 65 
6 65 
2 3 5 13 
6 5 13 
30 13 
1
17 23 
10
2 196 
2 2 98 
4 98 
2 2 2 49 
4 2 49 
8 49 
2 2 2 7 7 
4 2 7 7 
8 7 7 
56 7 
1
3 131 
1
2 197 
1
5 79 
10
2 198 
2 2 99 
4 99 
2 2 3 33 
4 3 33 
12 33 
2 2 3 3 11 
4 3 3 11 
12 3 11 
36 11 
0
1
2 199 
3
3 133 
3 7 19 
21 19 
15
2 200 
2 2 100 
4 100 
2 2 2 50 
4 2 50 
8 50 
2 2 2 2 25 
4 2 2 25 
8 2 25 
16 25 
2 2 2 2 5 5 
4 2 2 5 5 
8 2 5 5 
16 5 5 
80 5 
0
3
2 201 
2 3 67 
6 67 
1
13 31 
3
2 202 
2 2 101 
4 101 
10
3 135 
3 3 45 
9 45 
3 3 3 15 
9 3 15 
27 15 
3 3 3 3 5 
9 3 3 5 
27 3 5 
81 5 
3
2 203 
2 7 29 
14 29 
1
11 37 
10
2 204 
2 2 102 
4 102 
2 2 2 51 
4 2 51 
8 51 
2 2 2 3 17 
4 2 3 17 
8 3 17 
24 17 
0
3
2 205 
2 5 41 
10 41 
1
3 137 
3
2 206 
2 2 103 
4 103 
1
7 59 
6
2 207 
2 3 69 
6 69 
2 3 3 23 
6 3 23 
18 23 
1
5 83 
15
2 208 
2 2 104 
4 104 
2 2 2 52 
4 2 52 
8 52 
2 2 2 2 26 
4 2 2 26 
8 2 26 
16 26 
2 2 2 2 2 13 
4 2 2 2 13 
8 2 2 13 
16 2 13 
32 13 
1
3 139 
3
2 209 
2 11 19 
22 19 
0
10
2 210 
2 2 105 
4 105 
2 2 3 35 
4 3 35 
12 35 
2 2 3 5 7 
4 3 5 7 
12 5 7 
60 7 
0
1
2 211 
3
3 141 
3 3 47 
9 47 
6
2 212 
2 2 106 
4 106 
2 2 2 53 
4 2 53 
8 53 
3
5 85 
5 5 17 
25 17 
3
2 213 
2 3 71 
6 71 
1
7 61 
3
2 214 
2 2 107 
4 107 
3
3 143 
3 11 13 
33 13 
3
2 215 
2 5 43 
10 43 
0
21
2 216 
2 2 108 
4 108 
2 2 2 54 
4 2 54 
8 54 
2 2 2 2 27 
4 2 2 27 
8 2 27 
16 27 
2 2 2 2 3 9 
4 2 2 3 9 
8 2 3 9 
16 3 9 
48 9 
2 2 2 2 3 3 3 
4 2 2 3 3 3 
8 2 3 3 3 
16 3 3 3 
48 3 3 
144 3 
0
3
2 217 
2 7 31 
14 31 
3
3 145 
3 5 29 
15 29 
3
2 218 
2 2 109 
4 109 
1
19 23 
3
2 219 
2 3 73 
6 73 
0
10
2 220 
2 2 110 
4 110 
2 2 2 55 
4 2 55 
8 55 
2 2 2 5 11 
4 2 5 11 
8 5 11 
40 11 
6
3 147 
3 3 49 
9 49 
3 3 7 7 
9 7 7 
63 7 
3
2 221 
2 13 17 
26 17 
0
6
2 222 
2 2 111 
4 111 
2 2 3 37 
4 3 37 
12 37 
1
5 89 
1
2 223 
1
3 149 
21
2 224 
2 2 112 
4 112 
2 2 2 56 
4 2 56 
8 56 
2 2 2 2 28 
4 2 2 28 
8 2 28 
16 28 
2 2 2 2 2 14 
4 2 2 2 14 
8 2 2 14 
16 2 14 
32 14 
2 2 2 2 2 2 7 
4 2 2 2 2 7 
8 2 2 2 7 
16 2 2 7 
32 2 7 
64 7 
0
10
2 225 
2 3 75 
6 75 
2 3 3 25 
6 3 25 
18 25 
2 3 3 5 5 
6 3 5 5 
18 5 5 
90 5 
1
11 41 
3
2 226 
2 2 113 
4 113 
1
3 151 
1
2 227 
3
5 91 
5 7 13 
35 13 
10
2 228 
2 2 114 
4 114 
2 2 2 57 
4 2 57 
8 57 
2 2 2 3 19 
4 2 3 19 
8 3 19 
24 19 
0
1
2 229 
6
3 153 
3 3 51 
9 51 
3 3 3 17 
9 3 17 
27 17 
6
2 230 
2 2 115 
4 115 
2 2 5 23 
4 5 23 
20 23 
0
6
2 231 
2 3 77 
6 77 
2 3 7 11 
6 7 11 
42 11 
0
10
2 232 
2 2 116 
4 116 
2 2 2 58 
4 2 58 
8 58 
2 2 2 2 29 
4 2 2 29 
8 2 29 
16 29 
3
3 155 
3 5 31 
15 31 
1
2 233 
0
10
2 234 
2 2 117 
4 117 
2 2 3 39 
4 3 39 
12 39 
2 2 3 3 13 
4 3 3 13 
12 3 13 
36 13 
1
7 67 
3
2 235 
2 5 47 
10 47 
1
3 157 
6
2 236 
2 2 118 
4 118 
2 2 2 59 
4 2 59 
8 59 
1
11 43 
3
2 237 
2 3 79 
6 79 
3
5 95 
5 5 19 
25 19 
6
2 238 
2 2 119 
4 119 
2 2 7 17 
4 7 17 
28 17 
3
3 159 
3 3 53 
9 53 
1
2 239 
0
21
2 240 
2 2 120 
4 120 
2 2 2 60 
4 2 60 
8 60 
2 2 2 2 30 
4 2 2 30 
8 2 30 
16 30 
2 2 2 2 2 15 
4 2 2 2 15 
8 2 2 15 
16 2 15 
32 15 
2 2 2 2 2 3 5 
4 2 2 2 3 5 
8 2 2 3 5 
16 2 3 5 
32 3 5 
96 5 
1
13 37 
1
2 241 
3
3 161 
3 7 23 
21 23 
6
2 242 
2 2 121 
4 121 
2 2 11 11 
4 11 11 
44 11 
1
5 97 
15
2 243 
2 3 81 
6 81 
2 3 3 27 
6 3 27 
18 27 
2 3 3 3 9 
6 3 3 9 
18 3 9 
54 9 
2 3 3 3 3 3 
6 3 3 3 3 
18 3 3 3 
54 3 3 
162 3 
0
6
2 244 
2 2 122 
4 122 
2 2 2 61 
4 2 61 
8 61 
1
3 163 
6
2 245 
2 5 49 
10 49 
2 5 7 7 
10 7 7 
70 7 
0
6
2 246 
2 2 123 
4 123 
2 2 3 41 
4 3 41 
12 41 
1
17 29 
3
2 247 
2 13 19 
26 19 
6
3 165 
3 3 55 
9 55 
3 3 5 11 
9 5 11 
45 11 
10
2 248 
2 2 124 
4 124 
2 2 2 62 
4 2 62 
8 62 
2 2 2 2 31 
4 2 2 31 
8 2 31 
16 31 
1
7 71 
3
2 249 
2 3 83 
6 83 
0
10
2 250 
2 2 125 
4 125 
2 2 5 25 
4 5 25 
20 25 
2 2 5 5 5 
4 5 5 5 
20 5 5 
100 5 
1
3 167 
1
2 251 
0
15
2 252 
2 2 126 
4 126 
2 2 2 63 
4 2 63 
8 63 
2 2 2 3 21 
4 2 3 21 
8 3 21 
24 21 
2 2 2 3 3 7 
4 2 3 3 7 
8 3 3 7 
24 3 7 
72 7 
1
5 101 
3
2 253 
2 11 23 
22 23 
3
3 169 
3 13 13 
39 13 
3
2 254 
2 2 127 
4 127 
0
6
2 255 
2 3 85 
6 85 
2 3 5 17 
6 5 17 
30 17 
1
7 73 
36
2 256 
2 2 128 
4 128 
2 2 2 64 
4 2 64 
8 64 
2 2 2 2 32 
4 2 2 32 
8 2 32 
16 32 
2 2 2 2 2 16 
4 2 2 2 16 
8 2 2 16 
16 2 16 
32 16 
2 2 2 2 2 2 8 
4 2 2 2 2 8 
8 2 2 2 8 
16 2 2 8 
32 2 8 
64 8 
2 2 2 2 2 2 2 4 
4 2 2 2 2 2 4 
8 2 2 2 2 4 
16 2 2 2 4 
32 2 2 4 
64 2 4 
128 4 
2 2 2 2 2 2 2 2 2 
4 2 2 2 2 2 2 2 
8 2 2 2 2 2 2 
16 2 2 2 2 2 
32 2 2 2 2 
64 2 2 2 
128 2 2 
256 2 
6
3 171 
3 3 57 
9 57 
3 3 3 19 
9 3 19 
27 19 
1
2 257 
1
5 103 
6
2 258 
2 2 129 
4 129 
2 2 3 43 
4 3 43 
12 43 
1
11 47 
3
2 259 
2 7 37 
14 37 
1
3 173 
10
2 260 
2 2 130 
4 130 
2 2 2 65 
4 2 65 
8 65 
2 2 2 5 13 
4 2 5 13 
8 5 13 
40 13 
0
6
2 261 
2 3 87 
6 87 
2 3 3 29 
6 3 29 
18 29 
0
3
2 262 
2 2 131 
4 131 
6
3 175 
3 5 35 
15 35 
3 5 5 7 
15 5 7 
75 7 
1
2 263 
1
17 31 
15
2 264 
2 2 132 
4 132 
2 2 2 66 
4 2 66 
8 66 
2 2 2 2 33 
4 2 2 33 
8 2 33 
16 33 
2 2 2 2 3 11 
4 2 2 3 11 
8 2 3 11 
16 3 11 
48 11 
1
23 23 
3
2 265 
2 5 53 
10 53 
3
3 177 
3 3 59 
9 59 
6
2 266 
2 2 133 
4 133 
2 2 7 19 
4 7 19 
28 19 
1
13 41 
3
2 267 
2 3 89 
6 89 
1
5 107 
6
2 268 
2 2 134 
4 134 
2 2 2 67 
4 2 67 
8 67 
1
3 179 
1
2 269 
3
7 77 
7 7 11 
49 11 
15
2 270 
2 2 135 
4 135 
2 2 3 45 
4 3 45 
12 45 
2 2 3 3 15 
4 3 3 15 
12 3 15 
36 15 
2 2 3 3 3 5 
4 3 3 3 5 
12 3 3 5 
36 3 5 
108 5 
0
1
2 271 
1
3 181 
15
2 272 
2 2 136 
4 136 
2 2 2 68 
4 2 68 
8 68 
2 2 2 2 34 
4 2 2 34 
8 2 34 
16 34 
2 2 2 2 2 17 
4 2 2 2 17 
8 2 2 17 
16 2 17 
32 17 
1
5 109 
6
2 273 
2 3 91 
6 91 
2 3 7 13 
6 7 13 
42 13 
0
3
2 274 
2 2 137 
4 137 
3
3 183 
3 3 61 
9 61 
6
2 275 
2 5 55 
10 55 
2 5 5 11 
10 5 11 
50 11 
1
19 29 
10
2 276 
2 2 138 
4 138 
2 2 2 69 
4 2 69 
8 69 
2 2 2 3 23 
4 2 3 23 
8 3 23 
24 23 
1
7 79 
1
2 277 
3
3 185 
3 5 37 
15 37 
3
2 278 
2 2 139 
4 139 
0
6
2 279 
2 3 93 
6 93 
2 3 3 31 
6 3 31 
18 31 
1
13 43 
15
2 280 
2 2 140 
4 140 
2 2 2 70 
4 2 70 
8 70 
2 2 2 2 35 
4 2 2 35 
8 2 35 
16 35 
2 2 2 2 5 7 
4 2 2 5 7 
8 2 5 7 
16 5 7 
80 7 
3
3 187 
3 11 17 
33 17 
1
2 281 
0
6
2 282 
2 2 141 
4 141 
2 2 3 47 
4 3 47 
12 47 
1
5 113 
1
2 283 
10
3 189 
3 3 63 
9 63 
3 3 3 21 
9 3 21 
27 21 
3 3 3 3 7 
9 3 3 7 
27 3 7 
81 7 
6
2 284 
2 2 142 
4 142 
2 2 2 71 
4 2 71 
8 71 
0
6
2 285 
2 3 95 
6 95 
2 3 5 19 
6 5 19 
30 19 
0
6
2 286 
2 2 143 
4 143 
2 2 11 13 
4 11 13 
44 13 
1
3 191 
3
2 287 
2 7 41 
14 41 
3
5 115 
5 5 23 
25 23 
28
2 288 
2 2 144 
4 144 
2 2 2 72 
4 2 72 
8 72 
2 2 2 2 36 
4 2 2 36 
8 2 36 
16 36 
2 2 2 2 2 18 
4 2 2 2 18 
8 2 2 18 
16 2 18 
32 18 
2 2 2 2 2 2 9 
4 2 2 2 2 9 
8 2 2 2 9 
16 2 2 9 
32 2 9 
64 9 
2 2 2 2 2 2 3 3 
4 2 2 2 2 3 3 
8 2 2 2 3 3 
16 2 2 3 3 
32 2 3 3 
64 3 3 
192 3 
0
3
2 289 
2 17 17 
34 17 
1
3 193 
6
2 290 
2 2 145 
4 145 
2 2 5 29 
4 5 29 
20 29 
1
7 83 
3
2 291 
2 3 97 
6 97 
1
11 53 
6
2 292 
2 2 146 
4 146 
2 2 2 73 
4 2 73 
8 73 
6
3 195 
3 3 65 
9 65 
3 3 5 13 
9 5 13 
45 13 
1
2 293 
0
10
2 294 
2 2 147 
4 147 
2 2 3 49 
4 3 49 
12 49 
2 2 3 7 7 
4 3 7 7 
12 7 7 
84 7 
1
19 31 
3
2 295 
2 5 59 
10 59 
1
3 197 
10
2 296 
2 2 148 
4 148 
2 2 2 74 
4 2 74 
8 74 
2 2 2 2 37 
4 2 2 37 
8 2 37 
16 37 
0
10
2 297 
2 3 99 
6 99 
2 3 3 33 
6 3 33 
18 33 
2 3 3 3 11 
6 3 3 11 
18 3 11 
54 11 
3
5 119 
5 7 17 
35 17 
3
2 298 
2 2 149 
4 149 
1
3 199 
3
2 299 
2 13 23 
26 23 
0
15
2 300 
2 2 150 
4 150 
2 2 2 75 
4 2 75 
8 75 
2 2 2 3 25 
4 2 3 25 
8 3 25 
24 25 
2 2 2 3 5 5 
4 2 3 5 5 
8 3 5 5 
24 5 5 
120 5 
0
3
2 301 
2 7 43 
14 43 
3
3 201 
3 3 67 
9 67 
3
2 302 
2 2 151 
4 151 
3
5 121 
5 11 11 
55 11 
3
2 303 
2 3 101 
6 101 
0
15
2 304 
2 2 152 
4 152 
2 2 2 76 
4 2 76 
8 76 
2 2 2 2 38 
4 2 2 38 
8 2 38 
16 38 
2 2 2 2 2 19 
4 2 2 2 19 
8 2 2 19 
16 2 19 
32 19 
3
3 203 
3 7 29 
21 29 
3
2 305 
2 5 61 
10 61 
1
13 47 
10
2 306 
2 2 153 
4 153 
2 2 3 51 
4 3 51 
12 51 
2 2 3 3 17 
4 3 3 17 
12 3 17 
36 17 
0
1
2 307 
3
3 205 
3 5 41 
15 41 
10
2 308 
2 2 154 
4 154 
2 2 2 77 
4 2 77 
8 77 
2 2 2 7 11 
4 2 7 11 
8 7 11 
56 11 
0
3
2 309 
2 3 103 
6 103 
0
6
2 310 
2 2 155 
4 155 
2 2 5 31 
4 5 31 
20 31 
6
3 207 
3 3 69 
9 69 
3 3 3 23 
9 3 23 
27 23 
1
2 311 
1
7 89 
15
2 312 
2 2 156 
4 156 
2 2 2 78 
4 2 78 
8 78 
2 2 2 2 39 
4 2 2 39 
8 2 39 
16 39 
2 2 2 2 3 13 
4 2 2 3 13 
8 2 3 13 
16 3 13 
48 13 
6
5 125 
5 5 25 
25 25 
5 5 5 5 
25 5 5 
125 5 
1
2 313 
3
3 209 
3 11 19 
33 19 
3
2 314 
2 2 157 
4 157 
1
17 37 
10
2 315 
2 3 105 
6 105 
2 3 3 35 
6 3 35 
18 35 
2 3 3 5 7 
6 3 5 7 
18 5 7 
90 7 
0
6
2 316 
2 2 158 
4 158 
2 2 2 79 
4 2 79 
8 79 
1
3 211 
1
2 317 
1
5 127 
6
2 318 
2 2 159 
4 159 
2 2 3 53 
4 3 53 
12 53 
3
7 91 
7 7 13 
49 13 
3
2 319 
2 11 29 
22 29 
3
3 213 
3 3 71 
9 71 
28
2 320 
2 2 160 
4 160 
2 2 2 80 
4 2 80 
8 80 
2 2 2 2 40 
4 2 2 40 
8 2 40 
16 40 
2 2 2 2 2 20 
4 2 2 2 20 
8 2 2 20 
16 2 20 
32 20 
2 2 2 2 2 2 10 
4 2 2 2 2 10 
8 2 2 2 10 
16 2 2 10 
32 2 10 
64 10 
2 2 2 2 2 2 2 5 
4 2 2 2 2 2 5 
8 2 2 2 2 5 
16 2 2 2 5 
32 2 2 5 
64 2 5 
128 5 
0
3
2 321 
2 3 107 
6 107 
0
6
2 322 
2 2 161 
4 161 
2 2 7 23 
4 7 23 
28 23 
3
3 215 
3 5 43 
15 43 
3
2 323 
2 17 19 
34 19 
0
21
2 324 
2 2 162 
4 162 
2 2 2 81 
4 2 81 
8 81 
2 2 2 3 27 
4 2 3 27 
8 3 27 
24 27 
2 2 2 3 3 9 
4 2 3 3 9 
8 3 3 9 
24 3 9 
72 9 
2 2 2 3 3 3 3 
4 2 3 3 3 3 
8 3 3 3 3 
24 3 3 3 
72 3 3 
216 3 
1
11 59 
6
2 325 
2 5 65 
10 65 
2 5 5 13 
10 5 13 
50 13 
3
3 217 
3 7 31 
21 31 
3
2 326 
2 2 163 
4 163 
0
3
2 327 
2 3 109 
6 109 
1
5 131 
10
2 328 
2 2 164 
4 164 
2 2 2 82 
4 2 82 
8 82 
2 2 2 2 41 
4 2 2 41 
8 2 41 
16 41 
3
3 219 
3 3 73 
9 73 
3
2 329 
2 7 47 
14 47 
0
10
2 330 
2 2 165 
4 165 
2 2 3 55 
4 3 55 
12 55 
2 2 3 5 11 
4 3 5 11 
12 5 11 
60 11 
0
1
2 331 
3
3 221 
3 13 17 
39 17 
6
2 332 
2 2 166 
4 166 
2 2 2 83 
4 2 83 
8 83 
3
5 133 
5 7 19 
35 19 
6
2 333 
2 3 111 
6 111 
2 3 3 37 
6 3 37 
18 37 
1
23 29 
3
2 334 
2 2 167 
4 167 
1
3 223 
3
2 335 
2 5 67 
10 67 
1
11 61 
21
2 336 
2 2 168 
4 168 
2 2 2 84 
4 2 84 
8 84 
2 2 2 2 42 
4 2 2 42 
8 2 42 
16 42 
2 2 2 2 2 21 
4 2 2 2 21 
8 2 2 21 
16 2 21 
32 21 
2 2 2 2 2 3 7 
4 2 2 2 3 7 
8 2 2 3 7 
16 2 3 7 
32 3 7 
96 7 
0
1
2 337 
10
3 225 
3 3 75 
9 75 
3 3 3 25 
9 3 25 
27 25 
3 3 3 5 5 
9 3 5 5 
27 5 5 
135 5 
6
2 338 
2 2 169 
4 169 
2 2 13 13 
4 13 13 
52 13 
0
3
2 339 
2 3 113 
6 113 
1
7 97 
10
2 340 
2 2 170 
4 170 
2 2 2 85 
4 2 85 
8 85 
2 2 2 5 17 
4 2 5 17 
8 5 17 
40 17 
1
3 227 
3
2 341 
2 11 31 
22 31 
0
10
2 342 
2 2 171 
4 171 
2 2 3 57 
4 3 57 
12 57 
2 2 3 3 19 
4 3 3 19 
12 3 19 
36 19 
1
5 137 
6
2 343 
2 7 49 
14 49 
2 7 7 7 
14 7 7 
98 7 
1
3 229 
10
2 344 
2 2 172 
4 172 
2 2 2 86 
4 2 86 
8 86 
2 2 2 2 43 
4 2 2 43 
8 2 43 
16 43 
1
13 53 
6
2 345 
2 3 115 
6 115 
2 3 5 23 
6 5 23 
30 23 
0
3
2 346 
2 2 173 
4 173 
6
3 231 
3 3 77 
9 77 
3 3 7 11 
9 7 11 
63 11 
1
2 347 
1
5 139 
10
2 348 
2 2 174 
4 174 
2 2 2 87 
4 2 87 
8 87 
2 2 2 3 29 
4 2 3 29 
8 3 29 
24 29 
1
17 41 
1
2 349 
1
3 233 
10
2 350 
2 2 175 
4 175 
2 2 5 35 
4 5 35 
20 35 
2 2 5 5 7 
4 5 5 7 
20 5 7 
100 7 
0
10
2 351 
2 3 117 
6 117 
2 3 3 39 
6 3 39 
18 39 
2 3 3 3 13 
6 3 3 13 
18 3 13 
54 13 
1
19 37 
21
2 352 
2 2 176 
4 176 
2 2 2 88 
4 2 88 
8 88 
2 2 2 2 44 
4 2 2 44 
8 2 44 
16 44 
2 2 2 2 2 22 
4 2 2 2 22 
8 2 2 22 
16 2 22 
32 22 
2 2 2 2 2 2 11 
4 2 2 2 2 11 
8 2 2 2 11 
16 2 2 11 
32 2 11 
64 11 
3
3 235 
3 5 47 
15 47 
1
2 353 
1
7 101 
6
2 354 
2 2 177 
4 177 
2 2 3 59 
4 3 59 
12 59 
0
3
2 355 
2 5 71 
10 71 
3
3 237 
3 3 79 
9 79 
6
2 356 
2 2 178 
4 178 
2 2 2 89 
4 2 89 
8 89 
1
23 31 
6
2 357 
2 3 119 
6 119 
2 3 7 17 
6 7 17 
42 17 
3
5 143 
5 11 13 
55 13 
3
2 358 
2 2 179 
4 179 
1
3 239 
1
2 359 
0
21
2 360 
2 2 180 
4 180 
2 2 2 90 
4 2 90 
8 90 
2 2 2 2 45 
4 2 2 45 
8 2 45 
16 45 
2 2 2 2 3 15 
4 2 2 3 15 
8 2 3 15 
16 3 15 
48 15 
2 2 2 2 3 3 5 
4 2 2 3 3 5 
8 2 3 3 5 
16 3 3 5 
48 3 5 
144 5 
1
7 103 
3
2 361 
2 19 19 
38 19 
1
3 241 
3
2 362 
2 2 181 
4 181 
3
5 145 
5 5 29 
25 29 
6
2 363 
2 3 121 
6 121 
2 3 11 11 
6 11 11 
66 11 
0
10
2 364 
2 2 182 
4 182 
2 2 2 91 
4 2 91 
8 91 
2 2 2 7 13 
4 2 7 13 
8 7 13 
56 13 
15
3 243 
3 3 81 
9 81 
3 3 3 27 
9 3 27 
27 27 
3 3 3 3 9 
9 3 3 9 
27 3 9 
81 9 
3 3 3 3 3 3 
9 3 3 3 3 
27 3 3 3 
81 3 3 
243 3 
3
2 365 
2 5 73 
10 73 
1
17 43 
6
2 366 
2 2 183 
4 183 
2 2 3 61 
4 3 61 
12 61 
0
1
2 367 
6
3 245 
3 5 49 
15 49 
3 5 7 7 
15 7 7 
105 7 
15
2 368 
2 2 184 
4 184 
2 2 2 92 
4 2 92 
8 92 
2 2 2 2 46 
4 2 2 46 
8 2 46 
16 46 
2 2 2 2 2 23 
4 2 2 2 23 
8 2 2 23 
16 2 23 
32 23 
1
11 67 
6
2 369 
2 3 123 
6 123 
2 3 3 41 
6 3 41 
18 41 
0
6
2 370 
2 2 185 
4 185 
2 2 5 37 
4 5 37 
20 37 
3
3 247 
3 13 19 
39 19 
3
2 371 
2 7 53 
14 53 
0
10
2 372 
2 2 186 
4 186 
2 2 2 93 
4 2 93 
8 93 
2 2 2 3 31 
4 2 3 31 
8 3 31 
24 31 
1
5 149 
1
2 373 
3
3 249 
3 3 83 
9 83 
6
2 374 
2 2 187 
4 187 
2 2 11 17 
4 11 17 
44 17 
1
7 107 
10
2 375 
2 3 125 
6 125 
2 3 5 25 
6 5 25 
30 25 
2 3 5 5 5 
6 5 5 5 
30 5 5 
150 5 
0
10
2 376 
2 2 188 
4 188 
2 2 2 94 
4 2 94 
8 94 
2 2 2 2 47 
4 2 2 47 
8 2 47 
16 47 
1
3 251 
3
2 377 
2 13 29 
26 29 
1
5 151 
15
2 378 
2 2 189 
4 189 
2 2 3 63 
4 3 63 
12 63 
2 2 3 3 21 
4 3 3 21 
12 3 21 
36 21 
2 2 3 3 3 7 
4 3 3 3 7 
12 3 3 7 
36 3 7 
108 7 
0
1
2 379 
3
3 253 
3 11 23 
33 23 
10
2 380 
2 2 190 
4 190 
2 2 2 95 
4 2 95 
8 95 
2 2 2 5 19 
4 2 5 19 
8 5 19 
40 19 
0
3
2 381 
2 3 127 
6 127 
1
7 109 
3
2 382 
2 2 191 
4 191 
6
3 255 
3 3 85 
9 85 
3 3 5 17 
9 5 17 
45 17 
1
2 383 
1
13 59 
36
2 384 
2 2 192 
4 192 
2 2 2 96 
4 2 96 
8 96 
2 2 2 2 48 
4 2 2 48 
8 2 48 
16 48 
2 2 2 2 2 24 
4 2 2 2 24 
8 2 2 24 
16 2 24 
32 24 
2 2 2 2 2 2 12 
4 2 2 2 2 12 
8 2 2 2 12 
16 2 2 12 
32 2 12 
64 12 
2 2 2 2 2 2 2 6 
4 2 2 2 2 2 6 
8 2 2 2 2 6 
16 2 2 2 6 
32 2 2 6 
64 2 6 
128 6 
2 2 2 2 2 2 2 2 3 
4 2 2 2 2 2 2 3 
8 2 2 2 2 2 3 
16 2 2 2 2 3 
32 2 2 2 3 
64 2 2 3 
128 2 3 
256 3 
0
6
2 385 
2 5 77 
10 77 
2 5 7 11 
10 7 11 
70 11 
1
3 257 
3
2 386 
2 2 193 
4 193 
0
6
2 387 
2 3 129 
6 129 
2 3 3 43 
6 3 43 
18 43 
3
5 155 
5 5 31 
25 31 
6
2 388 
2 2 194 
4 194 
2 2 2 97 
4 2 97 
8 97 
3
3 259 
3 7 37 
21 37 
1
2 389 
1
19 41 
10
2 390 
2 2 195 
4 195 
2 2 3 65 
4 3 65 
12 65 
2 2 3 5 13 
4 3 5 13 
12 5 13 
60 13 
1
11 71 
3
2 391 
2 17 23 
34 23 
6
3 261 
3 3 87 
9 87 
3 3 3 29 
9 3 29 
27 29 
15
2 392 
2 2 196 
4 196 
2 2 2 98 
4 2 98 
8 98 
2 2 2 2 49 
4 2 2 49 
8 2 49 
16 49 
2 2 2 2 7 7 
4 2 2 7 7 
8 2 7 7 
16 7 7 
112 7 
1
5 157 
3
2 393 
2 3 131 
6 131 
0
3
2 394 
2 2 197 
4 197 
1
3 263 
3
2 395 
2 5 79 
10 79 
1
7 113 
15
2 396 
2 2 198 
4 198 
2 2 2 99 
4 2 99 
8 99 
2 2 2 3 33 
4 2 3 33 
8 3 33 
24 33 
2 2 2 3 3 11 
4 2 3 3 11 
8 3 3 11 
24 3 11 
72 11 
1
13 61 
1
2 397 
3
3 265 
3 5 53 
15 53 
3
2 398 
2 2 199 
4 199 
0
6
2 399 
2 3 133 
6 133 
2 3 7 19 
6 7 19 
42 19 
1
17 47 
21
2 400 
2 2 200 
4 200 
2 2 2 100 
4 2 100 
8 100 
2 2 2 2 50 
4 2 2 50 
8 2 50 
16 50 
2 2 2 2 2 25 
4 2 2 2 25 
8 2 2 25 
16 2 25 
32 25 
2 2 2 2 2 5 5 
4 2 2 2 5 5 
8 2 2 5 5 
16 2 5 5 
32 5 5 
160 5 
3
3 267 
3 3 89 
9 89 
1
2 401 
1
11 73 
6
2 402 
2 2 201 
4 201 
2 2 3 67 
4 3 67 
12 67 
3
5 161 
5 7 23 
35 23 
3
2 403 
2 13 31 
26 31 
1
3 269 
6
2 404 
2 2 202 
4 202 
2 2 2 101 
4 2 101 
8 101 
0
15
2 405 
2 3 135 
6 135 
2 3 3 45 
6 3 45 
18 45 
2 3 3 3 15 
6 3 3 15 
18 3 15 
54 15 
2 3 3 3 3 5 
6 3 3 3 5 
18 3 3 5 
54 3 5 
162 5 
0
6
2 406 
2 2 203 
4 203 
2 2 7 29 
4 7 29 
28 29 
1
3 271 
3
2 407 
2 11 37 
22 37 
1
5 163 
15
2 408 
2 2 204 
4 204 
2 2 2 102 
4 2 102 
8 102 
2 2 2 2 51 
4 2 2 51 
8 2 51 
16 51 
2 2 2 2 3 17 
4 2 2 3 17 
8 2 3 17 
16 3 17 
48 17 
1
19 43 
1
2 409 
6
3 273 
3 3 91 
9 91 
3 3 7 13 
9 7 13 
63 13 
6
2 410 
2 2 205 
4 205 
2 2 5 41 
4 5 41 
20 41 
0
3
2 411 
2 3 137 
6 137 
0
6
2 412 
2 2 206 
4 206 
2 2 2 103 
4 2 103 
8 103 
6
3 275 
3 5 55 
15 55 
3 5 5 11 
15 5 11 
75 11 
3
2 413 
2 7 59 
14 59 
0
10
2 414 
2 2 207 
4 207 
2 2 3 69 
4 3 69 
12 69 
2 2 3 3 23 
4 3 3 23 
12 3 23 
36 23 
0
3
2 415 
2 5 83 
10 83 
1
3 277 
21
2 416 
2 2 208 
4 208 
2 2 2 104 
4 2 104 
8 104 
2 2 2 2 52 
4 2 2 52 
8 2 52 
16 52 
2 2 2 2 2 26 
4 2 2 2 26 
8 2 2 26 
16 2 26 
32 26 
2 2 2 2 2 2 13 
4 2 2 2 2 13 
8 2 2 2 13 
16 2 2 13 
32 2 13 
64 13 
3
7 119 
7 7 17 
49 17 
3
2 417 
2 3 139 
6 139 
1
5 167 
6
2 418 
2 2 209 
4 209 
2 2 11 19 
4 11 19 
44 19 
6
3 279 
3 3 93 
9 93 
3 3 3 31 
9 3 31 
27 31 
1
2 419 
0
15
2 420 
2 2 210 
4 210 
2 2 2 105 
4 2 105 
8 105 
2 2 2 3 35 
4 2 3 35 
8 3 35 
24 35 
2 2 2 3 5 7 
4 2 3 5 7 
8 3 5 7 
24 5 7 
120 7 
1
29 29 
1
2 421 
1
3 281 
3
2 422 
2 2 211 
4 211 
3
5 169 
5 13 13 
65 13 
6
2 423 
2 3 141 
6 141 
2 3 3 47 
6 3 47 
18 47 
3
7 121 
7 11 11 
77 11 
10
2 424 
2 2 212 
4 212 
2 2 2 106 
4 2 106 
8 106 
2 2 2 2 53 
4 2 2 53 
8 2 53 
16 53 
1
3 283 
6
2 425 
2 5 85 
10 85 
2 5 5 17 
10 5 17 
50 17 
1
23 37 
6
2 426 
2 2 213 
4 213 
2 2 3 71 
4 3 71 
12 71 
0
3
2 427 
2 7 61 
14 61 
6
3 285 
3 3 95 
9 95 
3 3 5 19 
9 5 19 
45 19 
6
2 428 
2 2 214 
4 214 
2 2 2 107 
4 2 107 
8 107 
0
6
2 429 
2 3 143 
6 143 
2 3 11 13 
6 11 13 
66 13 
0
6
2 430 
2 2 215 
4 215 
2 2 5 43 
4 5 43 
20 43 
3
3 287 
3 7 41 
21 41 
1
2 431 
0
28
2 432 
2 2 216 
4 216 
2 2 2 108 
4 2 108 
8 108 
2 2 2 2 54 
4 2 2 54 
8 2 54 
16 54 
2 2 2 2 2 27 
4 2 2 2 27 
8 2 2 27 
16 2 27 
32 27 
2 2 2 2 2 3 9 
4 2 2 2 3 9 
8 2 2 3 9 
16 2 3 9 
32 3 9 
96 9 
2 2 2 2 2 3 3 3 
4 2 2 2 3 3 3 
8 2 2 3 3 3 
16 2 3 3 3 
32 3 3 3 
96 3 3 
288 3 
1
5 173 
1
2 433 
3
3 289 
3 17 17 
51 17 
6
2 434 
2 2 217 
4 217 
2 2 7 31 
4 7 31 
28 31 
1
11 79 
6
2 435 
2 3 145 
6 145 
2 3 5 29 
6 5 29 
30 29 
1
13 67 
6
2 436 
2 2 218 
4 218 
2 2 2 109 
4 2 109 
8 109 
3
3 291 
3 3 97 
9 97 
3
2 437 
2 19 23 
38 23 
6
5 175 
5 5 35 
25 35 
5 5 5 7 
25 5 7 
125 7 
6
2 438 
2 2 219 
4 219 
2 2 3 73 
4 3 73 
12 73 
0
1
2 439 
1
3 293 
15
2 440 
2 2 220 
4 220 
2 2 2 110 
4 2 110 
8 110 
2 2 2 2 55 
4 2 2 55 
8 2 55 
16 55 
2 2 2 2 5 11 
4 2 2 5 11 
8 2 5 11 
16 5 11 
80 11 
0
10
2 441 
2 3 147 
6 147 
2 3 3 49 
6 3 49 
18 49 
2 3 3 7 7 
6 3 7 7 
18 7 7 
126 7 
0
6
2 442 
2 2 221 
4 221 
2 2 13 17 
4 13 17 
52 17 
3
3 295 
3 5 59 
15 59 
1
2 443 
0
10
2 444 
2 2 222 
4 222 
2 2 2 111 
4 2 111 
8 111 
2 2 2 3 37 
4 2 3 37 
8 3 37 
24 37 
1
7 127 
3
2 445 
2 5 89 
10 89 
10
3 297 
3 3 99 
9 99 
3 3 3 33 
9 3 33 
27 33 
3 3 3 3 11 
9 3 3 11 
27 3 11 
81 11 
3
2 446 
2 2 223 
4 223 
1
19 47 
3
2 447 
2 3 149 
6 149 
1
5 179 
28
2 448 
2 2 224 
4 224 
2 2 2 112 
4 2 112 
8 112 
2 2 2 2 56 
4 2 2 56 
8 2 56 
16 56 
2 2 2 2 2 28 
4 2 2 2 28 
8 2 2 28 
16 2 28 
32 28 
2 2 2 2 2 2 14 
4 2 2 2 2 14 
8 2 2 2 14 
16 2 2 14 
32 2 14 
64 14 
2 2 2 2 2 2 2 7 
4 2 2 2 2 2 7 
8 2 2 2 2 7 
16 2 2 2 7 
32 2 2 7 
64 2 7 
128 7 
3
3 299 
3 13 23 
39 23 
1
2 449 
1
29 31 
15
2 450 
2 2 225 
4 225 
2 2 3 75 
4 3 75 
12 75 
2 2 3 3 25 
4 3 3 25 
12 3 25 
36 25 
2 2 3 3 5 5 
4 3 3 5 5 
12 3 5 5 
36 5 5 
180 5 
1
17 53 
3
2 451 
2 11 41 
22 41 
3
3 301 
3 7 43 
21 43 
6
2 452 
2 2 226 
4 226 
2 2 2 113 
4 2 113 
8 113 
1
5 181 
3
2 453 
2 3 151 
6 151 
0
3
2 454 
2 2 227 
4 227 
3
3 303 
3 3 101 
9 101 
6
2 455 
2 5 91 
10 91 
2 5 7 13 
10 7 13 
70 13 
0
15
2 456 
2 2 228 
4 228 
2 2 2 114 
4 2 114 
8 114 
2 2 2 2 57 
4 2 2 57 
8 2 57 
16 57 
2 2 2 2 3 19 
4 2 2 3 19 
8 2 3 19 
16 3 19 
48 19 
1
11 83 
1
2 457 
3
3 305 
3 5 61 
15 61 
3
2 458 
2 2 229 
4 229 
1
7 131 
10
2 459 
2 3 153 
6 153 
2 3 3 51 
6 3 51 
18 51 
2 3 3 3 17 
6 3 3 17 
18 3 17 
54 17 
0
10
2 460 
2 2 230 
4 230 
2 2 2 115 
4 2 115 
8 115 
2 2 2 5 23 
4 2 5 23 
8 5 23 
40 23 
1
3 307 
1
2 461 
1
13 71 
10
2 462 
2 2 231 
4 231 
2 2 3 77 
4 3 77 
12 77 
2 2 3 7 11 
4 3 7 11 
12 7 11 
84 11 
3
5 185 
5 5 37 
25 37 
1
2 463 
3
3 309 
3 3 103 
9 103 
15
2 464 
2 2 232 
4 232 
2 2 2 116 
4 2 116 
8 116 
2 2 2 2 58 
4 2 2 58 
8 2 58 
16 58 
2 2 2 2 2 29 
4 2 2 2 29 
8 2 2 29 
16 2 29 
32 29 
0
6
2 465 
2 3 155 
6 155 
2 3 5 31 
6 5 31 
30 31 
3
7 133 
7 7 19 
49 19 
3
2 466 
2 2 233 
4 233 
1
3 311 
1
2 467 
3
5 187 
5 11 17 
55 17 
15
2 468 
2 2 234 
4 234 
2 2 2 117 
4 2 117 
8 117 
2 2 2 3 39 
4 2 3 39 
8 3 39 
24 39 
2 2 2 3 3 13 
4 2 3 3 13 
8 3 3 13 
24 3 13 
72 13 
0
3
2 469 
2 7 67 
14 67 
1
3 313 
6
2 470 
2 2 235 
4 235 
2 2 5 47 
4 5 47 
20 47 
0
3
2 471 
2 3 157 
6 157 
1
23 41 
10
2 472 
2 2 236 
4 236 
2 2 2 118 
4 2 118 
8 118 
2 2 2 2 59 
4 2 2 59 
8 2 59 
16 59 
10
3 315 
3 3 105 
9 105 
3 3 3 35 
9 3 35 
27 35 
3 3 3 5 7 
9 3 5 7 
27 5 7 
135 7 
3
2 473 
2 11 43 
22 43 
0
6
2 474 
2 2 237 
4 237 
2 2 3 79 
4 3 79 
12 79 
1
13 73 
6
2 475 
2 5 95 
10 95 
2 5 5 19 
10 5 19 
50 19 
1
3 317 
10
2 476 
2 2 238 
4 238 
2 2 2 119 
4 2 119 
8 119 
2 2 2 7 17 
4 2 7 17 
8 7 17 
56 17 
0
6
2 477 
2 3 159 
6 159 
2 3 3 53 
6 3 53 
18 53 
1
5 191 
3
2 478 
2 2 239 
4 239 
3
3 319 
3 11 29 
33 29 
1
2 479 
1
7 137 
28
2 480 
2 2 240 
4 240 
2 2 2 120 
4 2 120 
8 120 
2 2 2 2 60 
4 2 2 60 
8 2 60 
16 60 
2 2 2 2 2 30 
4 2 2 2 30 
8 2 2 30 
16 2 30 
32 30 
2 2 2 2 2 2 15 
4 2 2 2 2 15 
8 2 2 2 15 
16 2 2 15 
32 2 15 
64 15 
2 2 2 2 2 2 3 5 
4 2 2 2 2 3 5 
8 2 2 2 3 5 
16 2 2 3 5 
32 2 3 5 
64 3 5 
192 5 
1
31 31 
3
2 481 
2 13 37 
26 37 
3
3 321 
3 3 107 
9 107 
3
2 482 
2 2 241 
4 241 
1
5 193 
6
2 483 
2 3 161 
6 161 
2 3 7 23 
6 7 23 
42 23 
0
10
2 484 
2 2 242 
4 242 
2 2 2 121 
4 2 121 
8 121 
2 2 2 11 11 
4 2 11 11 
8 11 11 
88 11 
3
3 323 
3 17 19 
51 19 
3
2 485 
2 5 97 
10 97 
0
21
2 486 
2 2 243 
4 243 
2 2 3 81 
4 3 81 
12 81 
2 2 3 3 27 
4 3 3 27 
12 3 27 
36 27 
2 2 3 3 3 9 
4 3 3 3 9 
12 3 3 9 
36 3 9 
108 9 
2 2 3 3 3 3 3 
4 3 3 3 3 3 
12 3 3 3 3 
36 3 3 3 
108 3 3 
324 3 
1
7 139 
1
2 487 
6
3 325 
3 5 65 
15 65 
3 5 5 13 
15 5 13 
75 13 
10
2 488 
2 2 244 
4 244 
2 2 2 122 
4 2 122 
8 122 
2 2 2 2 61 
4 2 2 61 
8 2 61 
16 61 
0
3
2 489 
2 3 163 
6 163 
1
11 89 
10
2 490 
2 2 245 
4 245 
2 2 5 49 
4 5 49 
20 49 
2 2 5 7 7 
4 5 7 7 
20 7 7 
140 7 
3
3 327 
3 3 109 
9 109 
1
2 491 
0
10
2 492 
2 2 246 
4 246 
2 2 2 123 
4 2 123 
8 123 
2 2 2 3 41 
4 2 3 41 
8 3 41 
24 41 
1
5 197 
3
2 493 
2 17 29 
34 29 
3
3 329 
3 7 47 
21 47 
6
2 494 
2 2 247 
4 247 
2 2 13 19 
4 13 19 
52 19 
1
23 43 
10
2 495 
2 3 165 
6 165 
2 3 3 55 
6 3 55 
18 55 
2 3 3 5 11 
6 3 5 11 
18 5 11 
90 11 
0
15
2 496 
2 2 248 
4 248 
2 2 2 124 
4 2 124 
8 124 
2 2 2 2 62 
4 2 2 62 
8 2 62 
16 62 
2 2 2 2 2 31 
4 2 2 2 31 
8 2 2 31 
16 2 31 
32 31 
1
3 331 
3
2 497 
2 7 71 
14 71 
1
5 199 
6
2 498 
2 2 249 
4 249 
2 2 3 83 
4 3 83 
12 83 
0
1
2 499 
6
3 333 
3 3 111 
9 111 
3 3 3 37 
9 3 37 
27 37 
15
2 500 
2 2 250 
4 250 
2 2 2 125 
4 2 125 
8 125 
2 2 2 5 25 
4 2 5 25 
8 5 25 
40 25 
2 2 2 5 5 5 
4 2 5 5 5 
8 5 5 5 
40 5 5 
200 5 
3
7 143 
7 11 13 
77 13 
3
2 501 
2 3 167 
6 167 
1
17 59 
3
2 502 
2 2 251 
4 251 
3
3 335 
3 5 67 
15 67 
1
2 503 
1
19 53 
21
2 504 
2 2 252 
4 252 
2 2 2 126 
4 2 126 
8 126 
2 2 2 2 63 
4 2 2 63 
8 2 63 
16 63 
2 2 2 2 3 21 
4 2 2 3 21 
8 2 3 21 
16 3 21 
48 21 
2 2 2 2 3 3 7 
4 2 2 3 3 7 
8 2 3 3 7 
16 3 3 7 
48 3 7 
144 7 
0
3
2 505 
2 5 101 
10 101 
1
3 337 
6
2 506 
2 2 253 
4 253 
2 2 11 23 
4 11 23 
44 23 
0
6
2 507 
2 3 169 
6 169 
2 3 13 13 
6 13 13 
78 13 
3
5 203 
5 7 29 
35 29 
6
2 508 
2 2 254 
4 254 
2 2 2 127 
4 2 127 
8 127 
3
3 339 
3 3 113 
9 113 
1
2 509 
0
10
2 510 
2 2 255 
4 255 
2 2 3 85 
4 3 85 
12 85 
2 2 3 5 17 
4 3 5 17 
12 5 17 
60 17 
0
3
2 511 
2 7 73 
14 73 
3
3 341 
3 11 31 
33 31 
45
2 512 
2 2 256 
4 256 
2 2 2 128 
4 2 128 
8 128 
2 2 2 2 64 
4 2 2 64 
8 2 64 
16 64 
2 2 2 2 2 32 
4 2 2 2 32 
8 2 2 32 
16 2 32 
32 32 
2 2 2 2 2 2 16 
4 2 2 2 2 16 
8 2 2 2 16 
16 2 2 16 
32 2 16 
64 16 
2 2 2 2 2 2 2 8 
4 2 2 2 2 2 8 
8 2 2 2 2 8 
16 2 2 2 8 
32 2 2 8 
64 2 8 
128 8 
2 2 2 2 2 2 2 2 4 
4 2 2 2 2 2 2 4 
8 2 2 2 2 2 4 
16 2 2 2 2 4 
32 2 2 2 4 
64 2 2 4 
128 2 4 
256 4 
2 2 2 2 2 2 2 2 2 2 
4 2 2 2 2 2 2 2 2 
8 2 2 2 2 2 2 2 
16 2 2 2 2 2 2 
32 2 2 2 2 2 
64 2 2 2 2 
128 2 2 2 
256 2 2 
512 2 
78
2 1000000 
2 2 500000 
4 500000 
2 2 2 250000 
4 2 250000 
8 250000 
2 2 2 2 125000 
4 2 2 125000 
8 2 125000 
16 125000 
2 2 2 2 2 62500 
4 2 2 2 62500 
8 2 2 62500 
16 2 62500 
32 62500 
2 2 2 2 2 2 31250 
4 2 2 2 2 31250 
8 2 2 2 31250 
16 2 2 31250 
32 2 31250 
64 31250 
2 2 2 2 2 2 2 15625 
4 2 2 2 2 2 15625 
8 2 2 2 2 15625 
16 2 2 2 15625 
32 2 2 15625 
64 2 15625 
128 15625 
2 2 2 2 2 2 2 5 3125 
4 2 2 2 2 2 5 3125 
8 2 2 2 2 5 3125 
16 2 2 2 5 3125 
32 2 2 5 3125 
64 2 5 3125 
128 5 3125 
640 3125 
2 2 2 2 2 2 2 5 5 625 
4 2 2 2 2 2 5 5 625 
8 2 2 2 2 5 5 625 
16 2 2 2 5 5 625 
32 2 2 5 5 625 
64 2 5 5 625 
128 5 5 625 
640 5 625 
3200 625 
2 2 2 2 2 2 2 5 5 5 125 
4 2 2 2 2 2 5 5 5 125 
8 2 2 2 2 5 5 5 125 
16 2 2 2 5 5 5 125 
32 2 2 5 5 5 125 
64 2 5 5 5 125 
128 5 5 5 125 
640 5 5 125 
3200 5 125 
16000 125 
2 2 2 2 2 2 2 5 5 5 5 25 
4 2 2 2 2 2 5 5 5 5 25 
8 2 2 2 2 5 5 5 5 25 
16 2 2 2 5 5 5 5 25 
32 2 2 5 5 5 5 25 
64 2 5 5 5 5 25 
128 5 5 5 5 25 
640 5 5 5 25 
3200 5 5 25 
16000 5 25 
80000 25 
2 2 2 2 2 2 2 5 5 5 5 5 5 
4 2 2 2 2 2 5 5 5 5 5 5 
8 2 2 2 2 5 5 5 5 5 5 
16 2 2 2 5 5 5 5 5 5 
32 2 2 5 5 5 5 5 5 
64 2 5 5 5 5 5 5 
128 5 5 5 5 5 5 
640 5 5 5 5 5 
3200 5 5 5 5 
16000 5 5 5 
80000 5 5 
400000 5 
